tree
version=v4
num_class=1
num_tree_per_iteration=1
label_index=0
max_feature_idx=12
objective=lambdarank
feature_names=momentum_1h momentum_4h reversal_30m vol_ratio_short_long dollar_vol_zscore close_position_xs cumulative_delta_xs btc_beta_resid_hourly spread_proxy_intraday rvol_xs realized_vol_24bar momentum_acceleration data_quality
feature_infos=[-1.1547005383792512:1.1547005383792517] [-1.1546934255824091:1.1546954161236784] [-1.1547005383792515:1.1547005383792517] [-1.1547005247482369:1.1547005383792517] [-1.1546992747161016:1.1546998758762541] [-1.1547005383792595:1.154700538379253] [-1.1547005383792508:1.1547005383792517] [-1.1547005383792515:1.1547005383792517] [-1.1546997161143719:1.1547005383792515] [-1.1546977808296961:1.1547005383792517] [-1.1547003860909202:1.1547004779911152] [-1.1547005383792515:1.1547005383792517] [-1.1547005383792512:1.1547005383792517]
tree_sizes=3412 3414 3408 3410 3427 3406 3417 3421 3426 3434 3440 3433 3430

Tree=0
num_leaves=31
num_cat=0
split_feature=1 5 5 5 1 10 1 1 7 12 6 4 6 4 2 4 11 11 7 11 11 4 1 10 4 2 5 12 4 12
split_gain=12.2929 4.30967 6.22102 4.13714 4.79357 3.66122 3.7523 2.65376 2.92508 2.41926 2.41482 2.37844 3.38841 3.72183 3.33826 3.4708 2.96548 2.85892 3.73844 2.61081 2.3034 2.22117 2.18287 2.1754 4.35118 3.14343 2.9289 2.80093 2.13583 2.08727
threshold=-0.21138984660825208 -0.11296635559895919 -0.57735026918962651 0.99195296156812729 -0.69812758572610412 1.1066245915442205 -1.1110712736605908 1.0619983335373744 0.5427465157310255 1.1463610111456652 0.047059719226899263 -1.1002378080197321 -1.1278115570472236 0.90845004255045869 -1.0808377956131581 1.0640585454170257 -0.44664740297985722 0.43042696712796374 0.43488695906270297 -1.0915157116073206 0.87795445574162412 -0.19660441349641369 0.75635176957808847 -0.46088664845040472 0.99547100865260185 0.16909269247385775 0.18273745300160651 -0.61668393260470744 0.1535508496300739 -0.54443315569774597
decision_type=2 2 2 2 2 2 2 2 2 2 2 2 2 2 2 2 2 2 2 2 2 2 2 2 2 2 2 2 2 2
left_child=3 2 20 5 -5 6 21 8 -4 23 -7 -3 -13 16 -15 -16 19 18 -18 -14 22 -1 28 25 26 -8 -25 -27 -2 -24
right_child=1 11 7 4 -6 10 9 -9 -10 -11 -12 12 13 14 15 -17 17 -19 -20 -21 -22 -23 29 24 -26 27 -28 -29 -30 -31
leaf_value=0.059006059058172355 0.0093542258740651699 -0.043806183826635973 0.05177703880137579 -0.047068678272039255 0.0214001923746313 0.011442704277212754 -0.024803695781400164 -0.0093990842548071635 0.0018679864612194744 0.046712999781647911 -0.040458384906693103 0.027087381355808172 0.0009392597653563213 -0.0046533743375196763 -0.085892000091299048 -0.032102702010965316 0.04517673891526712 -0.011233930449104593 -0.015021054350484859 -0.040969647934612399 0.01749989686738463 0.02252523294560075 -0.011037409058558698 0.017300055955463741 -0.018791262741795694 0.037124426677491676 0.051478373117312681 -0.0044088272807607356 -0.030637553370228415 -0.057461074039230113
leaf_weight=8.1383914705365914 8.4956199917942339 7.6047035194933406 9.2376158349216002 5.8859862703830004 4.5188695453107339 4.4733658917248231 8.5523136071860808 4.2433501407504073 4.3033906184136859 5.2110827211290589 4.491307133808732 4.6059211362153283 5.5482548829168108 6.146719682961705 4.3567180279642335 9.6234096903353912 6.1845771763473731 23.327298214659095 4.4240314979106188 11.254578402265905 5.2637625690549603 8.5622499007731658 4.3127132635563612 24.703383291140199 6.4936234112828961 6.8239332716912076 8.399468617513774 10.01947774365544 5.4999837670475236 5.520694609731434
leaf_count=90 105 91 118 72 51 50 105 49 48 56 58 52 69 67 51 113 70 273 56 140 60 98 48 277 72 69 110 113 66 66
internal_value=9.00268e-10 -0.0103146 0.00180695 0.0126128 -0.0173324 0.0158629 0.0190012 0.0251036 0.0359157 0.0139337 -0.0145598 -0.0171543 -0.0144688 -0.0171697 -0.0353631 -0.0488654 -0.00995288 -0.00144719 0.0200729 -0.0271314 -0.0124343 0.0403027 -0.0190466 0.0113055 0.0186314 -0.000116891 0.0259724 0.0124179 -0.00636172 -0.0371007
internal_weight=236.227 129.953 46.8771 106.273 10.4049 95.8686 86.9039 17.7844 13.541 70.2033 8.96467 83.0762 75.4715 70.8656 20.1268 13.9801 50.7387 33.9359 10.6086 16.8028 29.0928 16.7006 23.829 64.9922 39.5965 25.3957 33.1029 16.8434 13.9956 9.83341
internal_count=2763 1542 560 1221 123 1098 990 215 166 802 108 982 891 839 231 164 608 399 126 209 345 188 285 746 459 287 387 182 171 114
is_linear=0
shrinkage=0.05


Tree=1
num_leaves=31
num_cat=0
split_feature=1 5 4 11 6 2 7 6 8 5 7 6 7 5 6 5 5 7 4 1 6 10 2 10 4 4 4 5 7 4
split_gain=66.5155 44.636 19.9528 14.8695 14.4862 30.8641 17.7541 45.1778 20.7064 20.0084 17.2523 22.2612 16.4277 14.1841 13.4084 17.2841 24.8092 13.3234 13.1646 31.8526 12.1008 16.288 11.9809 17.1934 11.5312 9.28878 17.1447 17.3642 17.195 16.1515
threshold=0.62167787910961836 1.1522860934110821 1.082806943221198 1.0900388906808207 -0.94988699558642775 -0.19567443771954388 -0.56260576738624379 0.64639771045440353 -0.99673531665435 -0.57735026918962651 0.53661748474220305 -0.54219854084305241 0.68403575858378429 0.047659694295310952 1.0711742799313735 -0.93070728060500962 -1.1064153278649227 -1.144576865679708 -0.72400121604151102 -0.49023198851679234 0.46533494648315826 -0.90488337950571573 0.54741476977104331 0.037811566312943808 0.89917666428255194 0.89917666428255194 0.34043426543348498 1.1104169562340593 0.87126979690362338 -0.078802832895121341
decision_type=2 2 2 2 2 2 2 2 2 2 2 2 2 2 2 2 2 2 2 2 2 2 2 2 2 2 2 2 2 2
left_child=1 4 3 25 5 -1 8 10 -6 -9 11 -8 18 -13 15 16 -10 -17 -7 -20 21 -12 23 -23 -19 26 27 28 29 -2
right_child=2 -3 -4 -5 6 12 7 9 14 -11 20 13 -14 -15 -16 17 -18 24 19 -21 -22 22 -24 -25 -26 -27 -28 -29 -30 -31
leaf_value=-0.01131937555126592 -0.0099447483423744862 -0.055146194330636979 -0.041591213859055468 0.015287821705767458 -0.041301754646324032 0.060628543182566622 0.042904736623517459 0.0069145891242618929 -0.0068021039900004604 0.044337228229334648 -0.030460312870847633 0.016283033532752365 -0.0033800476612745999 -0.02561640829711069 -0.026870399312436146 0.020886192501618165 0.056328286094386504 -0.016435284863126651 0.04960910568105123 -0.010532740707213509 -0.037974254789811181 0.042558622063979146 -0.016429805147258069 -0.0053862280831319768 0.017513020651812969 -0.042544672212148429 0.0095545572526024077 0.017981785205474436 -0.051473907269241073 -0.05250449966269688
leaf_weight=59.434800393879414 142.39884861931205 28.34418785572052 65.895914293825626 44.73279196023941 32.665243878960609 43.450712084770203 44.802241578698158 52.019678082317114 28.605890847742558 113.97463680058718 41.57240442186594 49.640307851135731 29.288909137248993 34.056450389325619 38.753377981483936 46.757964685559273 34.129955917596817 123.60737820714712 59.551433026790619 34.928329594433308 30.828126631677151 36.210453562438488 38.815233923494816 38.665862545371056 31.359934490174055 28.806862100958824 66.844726834446192 27.976784750819206 44.729703210294247 26.429845489561558
leaf_count=110 288 54 128 75 62 76 70 79 51 213 74 95 46 66 66 85 56 215 96 66 53 69 67 69 52 68 132 50 81 51
internal_value=-1.93867e-11 0.00676353 -0.0161827 -0.0117988 0.00844578 0.019629 0.00534127 0.0115052 -0.00347823 0.0326096 0.000369409 0.0144602 0.030629 -0.000765969 0.000596487 0.00462141 0.0275425 -0.00250697 0.0378506 0.0273752 -0.00936045 -0.0036791 0.00611371 0.0178001 -0.00956534 -0.0153922 -0.0128558 -0.0190579 -0.0239102 -0.0166074
internal_weight=1519.28 1071.46 447.815 381.92 1043.12 226.654 816.465 480.585 335.88 165.994 314.591 128.499 167.219 83.6968 303.215 264.461 62.7358 201.725 137.93 94.4798 186.092 155.264 113.692 74.8763 154.967 337.187 308.38 241.535 213.558 168.829
internal_count=2763 1890 873 745 1836 394 1442 855 587 292 563 231 284 161 525 459 107 352 238 162 332 279 205 138 267 670 602 470 420 339
is_linear=0
shrinkage=0.05


Tree=2
num_leaves=31
num_cat=0
split_feature=1 3 4 6 6 2 4 2 7 7 1 8 10 10 4 6 7 3 3 1 7 7 7 7 1 10 6 3 1 3
split_gain=30.9521 29.5237 19.4393 10.2844 14.2232 18.8159 14.88 14.5926 16.2402 13.5496 13.1473 12.8803 12.5048 13.7262 17.3681 18.3635 15.6909 12.4259 16.7394 10.7258 9.90657 9.45401 11.9103 15.5802 14.3603 12.6398 12.1504 10.6017 15.7822 12.315
threshold=0.55010766418775747 1.1402405009373435 1.0907387599448484 -0.97571649273795957 0.53350780951725463 0.21559598808137484 0.23668484394833864 0.74257316925472894 -0.52144783778143577 0.76037062295710756 -0.47643352113442683 -0.42872544839886467 -0.53685080404928553 -0.20582270533282407 0.77451409525543402 1.0711742799313735 -0.42248946654632952 -0.24277460782422164 -1.0031139752805738 -0.93400176383796463 0.55525594613853524 1.1545799997790731 0.020934470560438855 -0.56968591076075281 1.1441744067894655 0.098243620035442417 0.61414659218345402 -0.42719310882878009 1.0278206415393321 0.57425306718586933
decision_type=2 2 2 2 2 2 2 2 2 2 2 2 2 2 2 2 2 2 2 2 2 2 2 2 2 2 2 2 2 2
left_child=1 3 21 9 5 6 17 8 -7 -1 11 -9 -6 -14 15 19 -17 18 -5 -15 -19 22 23 25 27 -2 -25 28 -24 -29
right_child=2 -3 -4 4 12 7 -8 10 -10 -11 -12 -13 13 14 -16 16 -18 20 -20 -21 -22 -23 24 26 -26 -27 -28 29 -30 -31
leaf_value=0.024763640943389557 0.010118724174463042 -0.0372733647297896 -0.037179479306599948 -0.010165135008891414 0.03357630493276037 0.043138766652759578 -0.028990839472829995 -0.017245285062510708 0.0015948039444144482 -0.0099475129067992142 -0.024914057739836726 0.0233172753623286 -0.025018225426972619 0.051746431900047511 -0.018035591731991023 -0.031615475387703457 0.02242030318783976 0.0024396334489016937 0.046639111672345239 0.018553326267143899 -0.038750714010607583 0.024429278451627325 -0.016904561266631406 0.0033197887637649416 -0.050870355627053658 -0.025372968695480103 0.050776407284078132 -0.04316382244304471 0.032476575491922892 -0.0075340993035853052
leaf_weight=142.22925084456801 43.983205780386925 39.071978189051151 60.795248188078403 27.231617502868176 59.07988153398037 49.475818164646626 82.223246067762375 30.37764210999012 44.848089955747128 35.041011840105057 43.382320240139961 55.014910243451595 28.029572203755379 42.221397899091244 37.537906594574451 25.942994423210621 27.86413536965847 31.450034372508526 24.763133861124516 57.456322845071554 27.241002343595028 22.898139923810959 38.257470913231373 33.002485610544682 26.974708937108517 58.386258460581303 22.809677563607693 40.3441296890378 28.038774732500315 60.80277369171381
leaf_count=293 98 83 141 55 121 96 163 56 87 61 91 103 56 79 77 53 52 63 54 115 55 39 91 72 59 124 51 88 60 127
internal_value=6.99203e-11 0.00524712 -0.01095 0.00715364 0.00440864 -0.00144357 -0.0128791 0.00844445 0.0233859 0.0179023 -0.00249973 0.0088875 0.0131619 0.00765601 0.0124504 0.0199064 -0.00363293 -0.000910363 0.0168886 0.0326132 -0.0166786 -0.00670331 -0.00872508 0.00146272 -0.0170141 -0.0101239 0.0227147 -0.0115599 0.00398028 -0.0217456
internal_weight=1346.78 910.482 436.293 871.41 694.14 416.008 192.909 223.099 94.3239 177.27 128.775 85.3926 278.132 219.052 191.023 153.485 53.8071 110.686 51.9948 99.6777 58.691 375.498 352.599 158.182 194.418 102.369 55.8122 167.443 66.2962 101.147
internal_count=2763 1813 950 1730 1376 823 390 433 183 354 250 159 553 432 376 299 105 227 109 194 118 809 770 345 425 222 123 366 151 215
is_linear=0
shrinkage=0.05


Tree=3
num_leaves=31
num_cat=0
split_feature=1 3 5 5 1 1 4 11 1 5 3 6 6 3 12 12 3 11 3 0 5 12 5 7 3 4 3 7 7 0
split_gain=28.2767 25.1718 11.8111 11.1247 15.5181 18.1674 22.8553 13.478 12.1147 20.4422 17.4912 12.9185 11.8879 14.8432 13.7089 11.7837 11.5671 10.913 24.8583 16.0277 14.3306 14.2902 19.2302 15.7198 10.7 15.2847 16.4261 10.263 9.81869 9.48845
threshold=-0.56316055654473995 1.1424075977161972 0.99195296156812729 -0.12532579831648274 1.0646205746160826 0.1611049460164268 0.92380110208637622 -0.94429255783965294 0.5458502688514949 0.57158779081249023 -0.75879955120568332 0.2210306039523951 -0.75871980349527335 -0.055593068256228569 0.77216084279890185 -0.39099278934149367 -0.41235921503610296 0.28776879311356313 -0.57790403106323496 -0.68884715432128774 0.45544471628478472 1.0159382650431394 -1.0548394802716794 -0.95356315668771985 -0.7408147750510955 -0.83424677399776759 0.28267202717344841 0.68948129718795759 0.47132703389921821 -0.70822849386349274
decision_type=2 2 2 2 2 2 2 2 2 2 2 2 2 2 2 2 2 2 2 2 2 2 2 2 2 2 2 2 2 2
left_child=2 3 17 4 5 12 7 -7 11 10 -10 24 14 -14 -2 -11 -9 20 19 -19 21 22 -1 -24 -5 -26 -27 29 -13 -25
right_child=1 -3 -4 8 -6 6 -8 16 9 15 -12 28 13 -15 -16 -17 -18 18 -20 -21 -22 -23 23 27 25 26 -28 -29 -30 -31
leaf_value=0.037122053613976594 -0.015052983216581294 -0.049390339153166242 -0.017896505471563736 0.01510273772136665 -0.022146062638888669 -0.0021149258018931566 -0.021588045595051873 0.066229828728017387 -0.077435272597490806 0.005478586194304377 -0.02276796597952558 -0.0027169520849068909 -0.04072606547710908 0.0043090557609422294 0.036029071657686651 -0.020230522308341499 0.027079175092733228 0.024718532124665807 0.037820226247944705 -0.028841226282623911 0.038593542303546488 -0.021787949799609945 -0.024736967275046626 0.045260920805321438 0.0086254803655047944 -0.070223779825580313 -0.01220909434963429 -0.01507081168473122 0.030451712469609184 0.0054147882001223798
leaf_weight=43.918796140700579 23.933752238750458 31.708319526165724 34.92113596200943 27.769202075898647 49.568333122879267 22.71112996339798 24.685647010803223 29.81825390458107 21.02085892483592 89.261493779718876 48.142528023570776 43.364737801253796 36.428746208548546 36.758109863847494 29.108042001724243 89.020300216972828 51.366411186754704 26.241347029805183 99.620503071695566 29.864640146493912 29.876806989312172 50.185466527938843 45.827871426939964 26.338676996529102 27.745366707444191 21.784289084374905 27.735179994255304 25.608050025999546 45.958398744463921 34.52382468432188
leaf_count=92 56 77 88 66 115 49 59 64 54 216 124 97 78 92 64 229 113 55 208 61 67 100 91 54 57 54 67 50 97 69
internal_value=1.49485e-11 -0.00575849 0.0100228 -0.00390439 0.00345091 0.0084303 0.0216584 0.0319338 -0.0089718 -0.0163097 -0.039383 0.00037047 -0.00504438 -0.0181072 0.0129796 -0.00735858 0.0414588 0.0123892 0.0228284 -0.00379078 0.00604592 0.00175083 0.00845452 -0.00106218 -0.0115171 -0.0210844 -0.0377305 0.011485 0.0143489 0.0226585
internal_weight=1224.82 777.889 446.927 746.181 304.378 254.81 128.581 103.896 441.802 247.445 69.1634 194.357 126.229 73.1869 53.0418 178.282 81.1847 412.006 155.726 56.106 256.279 226.403 176.217 132.298 105.034 77.2648 49.5195 86.4706 89.3231 60.8625
internal_count=2763 1828 935 1751 690 575 285 226 1061 623 178 438 290 170 120 445 177 847 324 116 523 456 356 264 244 178 121 173 194 123
is_linear=0
shrinkage=0.05


Tree=4
num_leaves=31
num_cat=0
split_feature=5 0 3 6 3 10 12 12 4 5 5 4 2 3 3 9 2 10 9 9 10 4 5 10 6 5 3 0 5 6
split_gain=16.1096 14.7506 13.4097 20.7355 16.8541 13.8708 14.071 16.3194 12.0565 16.5513 11.9908 11.2915 10.8605 15.1354 14.1506 11.2772 13.4484 12.6665 9.2635 13.8045 13.1867 19.3863 9.0516 8.93089 13.4644 8.22221 11.0463 8.12714 14.0985 11.1127
threshold=1.1522860934110821 -1.0678972795276525 -0.33125496450436359 -0.56133726392400096 -1.1295410673472293 1.0875338480574368 -1.0271407333671818 -0.93623953277448513 -1.0788191404746839 0.16192413631190469 -1.1479651106318844 0.89065024724870545 -1.0808377956131581 -0.57790403106323496 -0.82028551604680044 -0.57787046278362753 0.109041994130561 -0.55449986337186463 -0.50206144205630177 -0.35993924344641837 1.0000000180025095e-35 -0.78870166593435531 0.20993102038289724 0.56732720005616499 -0.23866217425624328 -1.0873003739226781 0.64544286457937172 0.7197011944384728 0.57735026918962473 0.34008975887997966
decision_type=2 2 2 2 2 2 2 2 2 2 2 2 2 2 2 2 2 2 2 2 2 2 2 2 2 2 2 2 2 2
left_child=1 10 3 4 -3 6 -5 -8 9 -4 -1 25 -9 14 15 -14 17 -17 20 -20 22 -22 -10 27 -25 -12 -27 28 -21 -29
right_child=-2 2 8 5 -6 -7 7 12 18 -11 11 -13 13 -15 -16 16 -18 -19 19 23 21 -23 -24 24 -26 26 -28 29 -30 -31
leaf_value=-0.017719618768148565 -0.033162086862812516 -0.014130940617194845 -0.0052411919530383315 -0.030349204760262351 0.033590387723134114 -0.036695558871805409 0.045949206277926528 0.037465147094853088 -0.012167552242975782 -0.054388846673289304 0.054973136915647786 -0.0088628710879957127 -0.02540244940822893 0.02952390100390262 -0.043187901974630766 -0.036684304150235027 0.031382173950613414 0.018901522024233591 0.036476700197636019 0.0040154053575726543 -0.045872462747421038 0.0052362277130303201 -0.051198183391818503 0.011722743828467955 -0.032324467641819336 0.0030996986229539902 0.042843137273264748 -0.030903232651610924 0.047670252739414942 0.014617520233116313
leaf_weight=21.935383833944798 35.46802094951272 23.206705279648304 42.004609510302544 29.196331508457661 91.265401594340801 25.387410953640938 23.513989992439747 19.102024979889393 30.125831142067909 28.927740268409252 24.69030424207449 23.045977272093296 34.759764570742846 30.498335085809231 25.29969435185194 21.808385439217091 35.685225743800402 19.335152044892311 26.761174097657204 127.45834423042834 22.198785580694675 113.01816067844629 29.303063035011292 27.602784626185894 46.707716569304466 37.893901221454144 32.459491096436977 32.447042107582092 21.633941739797592 22.848487354815006
leaf_count=61 100 60 99 78 228 55 53 47 80 74 49 54 85 79 65 57 79 51 60 305 48 288 76 67 116 93 79 74 50 53
internal_value=1.37991e-10 0.00107896 -0.00115388 0.00613692 0.0239159 -0.0015551 0.00217454 0.00669627 -0.00599356 -0.0252847 0.0162292 0.0225352 0.00174694 -0.00232919 -0.00942598 -0.00177137 0.00892007 -0.0105621 -0.00325741 0.00217476 -0.0117821 -0.00315437 -0.0314127 -0.00111899 -0.015963 0.0301485 0.0214364 0.00427796 0.0103499 -0.0120937
internal_weight=1125.59 1090.12 950.096 379.058 114.472 264.586 239.199 210.003 571.038 70.9323 140.025 118.09 186.489 167.387 136.888 111.589 76.8288 41.1435 500.105 305.459 194.646 135.217 59.4289 278.698 74.3105 95.0437 70.3534 204.388 149.092 55.2955
internal_count=2763 2663 2327 937 288 649 594 516 1390 173 336 275 463 416 337 272 187 108 1217 725 492 336 156 665 183 221 172 482 355 127
is_linear=0
shrinkage=0.05


Tree=5
num_leaves=31
num_cat=0
split_feature=1 3 0 8 5 7 7 4 8 11 7 4 0 8 7 4 0 1 1 4 4 5 8 5 7 8 0 3 4 4
split_gain=22.8387 18.2528 13.5019 11.408 10.1357 11.1264 9.74725 15.8891 12.4161 9.6141 17.5402 14.3152 8.41511 16.2631 10.2454 7.8591 6.42674 16.7359 10.1993 8.84789 15.9573 6.35472 5.56256 6.9888 10.1516 13.4765 10.5547 9.38243 8.19948 14.9565
threshold=0.65519896226638297 1.1402405009373435 1.1313468266585924 0.88450121908906365 1.143522437737273 -1.1546610220149438 -0.64038732892309735 0.22258247312545368 -0.036873653600782853 0.91812451578038334 0.45564353972541555 -0.078802832895121341 -1.0966400872227742 -0.45025444863140712 1.1425097196858502 -0.53274926877983864 -0.8939226856817547 -0.92539172912307477 -0.14543495169654666 1.122332267738507 1.0294313223030069 0.20993102038289724 -1.0497547878336868 0.0083720085663823527 0.65390290586497457 -0.7040761058336461 -0.5892127701064015 -0.59671454131630286 -1.0597760312743707 -0.56414512214093337
decision_type=2 2 2 2 2 2 2 2 2 2 2 2 2 2 2 2 2 2 2 2 2 2 2 2 2 2 2 2 2 2
left_child=1 4 3 6 5 -1 7 -2 9 10 11 -8 13 -7 16 -15 17 -14 -19 20 22 -5 -18 24 25 -24 -27 -28 -25 -30
right_child=2 -3 -4 21 -6 12 8 -9 -10 -11 -12 -13 14 15 -16 -17 19 18 -20 -21 -22 -23 23 28 -26 26 27 -29 29 -31
leaf_value=0.039010706094326414 -0.059629698994880624 -0.031722620422511921 0.016370638480416307 -0.018252340376664986 -0.022601074595709078 0.045097846756674123 0.040694314985144732 0.0041193344625774743 0.020508300233660581 0.012694040955812905 -0.041575706518620324 -0.022387042855423183 0.016487352669932686 0.022157363120284934 0.02789181907262402 -0.022621978695364874 -0.013975386739821538 -0.046360070440379458 -0.0014737928829303677 0.02352432439189002 -0.034270796867945728 -0.050587009175401904 0.051278098688448397 -0.027439720439964538 -0.015975337530873501 -0.0094234767387994436 -0.010415592130163935 0.028893513763439977 0.025428321035653786 -0.0081780836085719021
leaf_weight=26.649799548089504 22.6426050812006 33.304938744753599 36.438696924597025 29.27706547267735 29.487581342458725 37.706410653889179 15.735746957361696 17.19899608194828 37.752166874706745 27.955333717167377 46.551630910485983 20.990739557892084 35.29863415658474 19.0390395373106 42.064444147050381 20.188431240618229 35.98672666028142 31.02810787409544 21.373256891965866 54.68996836990118 28.073528610169888 31.590766619890928 25.558224856853485 24.530937559902668 25.50045719742775 41.174009300768375 19.034116216003895 74.966322585940361 51.514821458607912 92.653791308403015
leaf_count=57 71 87 94 85 86 90 42 53 105 79 138 70 79 44 101 58 91 81 52 130 73 92 55 69 66 104 52 193 117 249
internal_value=5.60712e-11 0.00448303 -0.0120613 -0.0162104 0.00612022 0.00731808 -0.0101426 -0.0321102 -0.00426808 -0.0126771 -0.0211938 0.00464065 0.00607671 0.0216502 0.00409125 -0.00088834 0.00230787 -0.0101252 -0.028052 0.0046098 0.00214094 -0.0350342 0.00475581 0.00665498 0.0133327 0.0179824 0.011687 0.0209338 -0.00071676 0.00383027
internal_weight=1055.96 769.824 286.134 249.695 736.519 707.031 188.827 39.8416 148.986 111.233 83.2781 36.7265 680.381 76.9339 603.447 39.2275 561.383 87.7 52.4014 473.683 418.993 60.8678 390.919 354.933 186.233 160.733 135.174 94.0004 168.7 144.169
internal_count=2763 1934 829 735 1847 1761 558 124 434 329 250 112 1704 192 1512 102 1411 212 133 1199 1069 177 996 905 470 404 349 245 435 366
is_linear=0
shrinkage=0.05


Tree=6
num_leaves=31
num_cat=0
split_feature=1 12 3 4 4 7 7 3 3 7 1 1 7 8 4 11 0 8 0 0 0 1 9 3 11 4 4 4 3 7
split_gain=14.8681 13.9531 13.7026 8.57705 9.75049 11.0437 11.9182 9.26147 8.09464 8.05524 7.38021 7.30093 7.04245 5.82389 9.05266 7.12384 5.55838 12.9606 15.1716 12.5348 9.95102 10.6333 10.5059 10.676 20.0066 9.90592 22.383 9.70901 8.6834 8.30702
threshold=0.5458502688514949 1.1438905720295236 1.1402405009373435 0.89917666428255194 0.75124310982135134 1.1541988983203095 0.93914615131315438 0.12811317307015999 -0.93988004436457251 -0.31138494056602456 0.77665319757796814 1.1358029953191418 0.25348706291550116 1.0342944324504171 -0.55832477742648023 -0.44664740297985722 0.70752054976014422 0.36493358767491907 0.97931553000980942 0.97931553000980942 -0.18821119109629805 -0.9511145875560153 -0.69390001349546537 0.72301562562529742 0.71132916601401142 -0.92225854778705274 -0.56931374657643985 0.9641723470995508 -0.85070047346066879 -0.68766751760422795
decision_type=2 2 2 2 2 2 2 2 2 2 2 2 2 2 2 2 2 2 2 2 2 2 2 2 2 2 2 2 2 2
left_child=2 3 16 4 5 6 7 10 -5 -10 -2 12 -12 14 -9 -16 20 18 -18 -19 21 27 -23 24 25 -24 -27 -1 -28 -30
right_child=1 -3 -4 8 -6 -7 -8 13 9 -11 11 -13 -14 -15 15 -17 17 19 -20 -21 -22 22 23 -25 -26 26 28 -29 29 -31
leaf_value=0.022031808109740227 -0.020090944371107911 -0.051867743275450601 -0.029242330395615225 -0.051858896955552403 0.03360255293602122 0.032867045745557127 -0.038041719999092553 -0.0472142345660269 0.013622143697518008 -0.027722809711266106 0.010079543491646669 -0.013537532173517186 0.047025085178237711 0.0095700322789884426 -0.029767284423774444 0.015245248601098396 -0.018209145127775803 0.0021449164076001778 0.025437233873619586 -0.054981192853712106 0.017715016988587323 0.028539369264190803 0.026134195600538326 0.013987012223000221 -0.044966228976981659 -0.05098710507312143 0.02642735342340144 -0.012761858499975826 -0.032759092455528792 0.0073393256379183161
leaf_weight=99.109085530042648 19.130805276334286 17.867730583995581 29.415270708501339 17.077715922147036 17.907711740583181 17.842476271092892 28.620428409427404 23.909415937960148 19.021234970539808 30.948922488838434 35.118188202381134 17.317032836377621 20.386095464229584 17.216797836124897 17.639129929244518 17.521112814545631 34.21598107740283 18.208171688020229 47.620019890367985 20.317557819187641 172.38278407230973 23.724327221512794 23.432478405535221 49.023448254913092 37.030022189021111 25.143055882304907 26.60502253472805 25.134863704442978 21.316046953201294 32.776345908641815
leaf_count=260 60 58 83 63 51 43 93 83 53 101 97 51 62 43 55 48 94 49 129 57 440 65 71 132 98 58 59 62 58 87
internal_value=1.04149e-10 -0.00894442 0.00414335 -0.00638502 -0.00184345 -0.00479991 -0.00821389 -0.00313963 -0.0221411 -0.0119848 0.00754575 0.0148061 0.0236492 -0.0160193 -0.0234777 -0.00733656 0.00564028 -0.00406899 0.0071885 -0.027982 0.00782186 0.00312758 -0.00303932 -0.00651861 -0.0125633 -0.00328159 -0.00979407 0.014993 0.00304052 -0.00846215
internal_weight=1002.98 317.525 685.454 299.657 232.609 214.701 196.859 168.239 67.0479 49.9702 91.9521 72.8213 55.5043 76.2865 59.0697 35.1602 656.039 120.362 81.836 38.5257 535.677 363.295 239.051 215.326 166.303 129.273 105.84 124.244 80.6974 54.0924
internal_count=2763 961 1802 903 686 635 592 499 217 154 270 210 159 229 186 103 1719 329 223 106 1390 950 628 563 431 333 262 322 204 145
is_linear=0
shrinkage=0.05


Tree=7
num_leaves=31
num_cat=0
split_feature=1 12 12 2 4 1 12 5 2 11 7 7 7 1 6 4 4 6 5 12 3 12 6 3 5 6 1 2 5 12
split_gain=10.2791 13.2128 14.3227 13.0007 10.5935 9.40011 8.56882 8.12202 7.82189 8.49542 7.29409 8.07911 10.6311 7.63317 6.26408 8.94656 6.32597 8.34366 7.02512 9.40962 12.4625 9.16696 10.3322 7.82017 12.4827 11.4362 6.39825 9.13447 11.2151 9.80355
threshold=0.62167787910961836 -0.91183569341921256 -0.85713961916008097 1.0731930427366121 0.25614842660900677 -0.53805231661229114 1.065364748536209 1.143522437737273 1.1072702747291359 1.0677487203130402 -1.1546947425672867 1.1425097196858502 0.98451839848081535 -1.1322529534587871 -1.1236820418567373 -0.44696607031373131 -1.0788191404746839 -0.51841785597093359 -1.1228135756632298 -0.38431703836117687 0.99442709885203451 -0.26113894357075668 -0.86718095816771057 0.38758094348220534 -0.66136175850164725 -0.20050686247943761 0.37459291905794073 0.34742559478503526 0.24439671546169892 1.0512576922362618
decision_type=2 2 2 2 2 2 2 2 2 2 2 2 2 2 2 2 2 2 2 2 2 2 2 2 2 2 2 2 2 2
left_child=1 3 -3 4 -1 -6 8 10 9 -2 -4 12 13 -12 15 -15 17 -16 -18 23 21 -21 -23 24 -20 -26 27 28 -24 -29
right_child=6 2 7 -5 5 -7 -8 -9 -10 -11 11 -13 -14 14 16 -17 18 -19 19 20 -22 22 26 -25 25 -27 -28 29 -30 -31
leaf_value=0.01533393283315268 -0.011164055037985088 0.043478668936915536 0.036957658330394029 -0.056168309517383622 0.00057850880531677305 -0.050019823620619387 -0.02770929681168437 -0.025758145806729998 0.029997482916653658 0.016181006347367324 0.02671622565289869 0.02478661359584132 -0.021656109331644417 0.040511001742280561 0.0081244603300054709 -0.0022458239678064327 0.028108220784578281 -0.036607316920384679 -0.052718885506464419 0.046156508785261965 -0.029645416805239039 -0.018646980529752437 -0.028379304269137314 0.0080802296867550152 0.023355531933882241 -0.024720684582103514 0.039756718733334154 0.0052552502340602056 0.015697908562246388 0.052318708092272209
leaf_weight=31.650490179657936 175.30322209745646 24.241072162985802 17.748126901686192 15.8164726793766 18.794446155428886 17.941776655614376 46.781884286552668 21.703597411513329 15.572870235890148 33.894959565252066 36.433596044778824 44.533312164247036 41.54645337164402 25.0934873893857 18.205020748078823 23.874704584479332 25.660733811557293 24.392626836895943 20.975933685898781 17.596224322915077 20.100247453898191 29.307235397398472 25.790837865322828 37.050382934510708 19.463594153523445 33.939681857824326 20.670997805893421 24.76140483468771 32.766790859401226 20.004511266946793
leaf_count=94 578 65 42 43 62 52 155 71 43 97 102 109 115 68 52 55 65 74 51 45 61 83 74 101 47 93 51 75 91 49
internal_value=1.88252e-11 0.00324287 0.00582216 -0.0153157 -0.0058673 -0.0241334 -0.0082407 0.00425269 -0.00418868 -0.00673352 0.00541598 0.00438344 0.00255756 0.00476326 0.00285735 0.0196647 0.000637074 -0.0174902 0.00299065 0.000859443 0.00759589 0.011976 0.00805275 -0.0106873 -0.0200359 -0.00719861 0.0143635 0.00928328 -0.00371525 0.0262865
internal_weight=961.617 690.064 605.861 84.2032 68.3867 36.7362 271.553 581.62 224.771 209.198 559.916 542.168 497.634 456.088 419.654 48.9682 370.686 42.5976 328.089 302.428 190.998 170.898 153.302 111.43 74.3792 53.4033 123.995 103.324 58.5576 44.7659
internal_count=2763 1890 1639 251 208 114 873 1574 718 675 1503 1461 1352 1237 1135 123 1012 126 886 821 529 468 423 292 191 140 340 289 165 124
is_linear=0
shrinkage=0.05


Tree=8
num_leaves=31
num_cat=0
split_feature=0 0 0 1 1 4 4 12 11 12 11 9 8 9 2 11 0 8 2 3 2 9 4 1 1 12 4 11 8 9
split_gain=8.86965 15.4572 9.7939 6.95766 9.26578 9.2373 9.2001 7.44306 17.1991 16.2414 15.2334 9.44466 6.75643 5.84265 10.052 9.24634 11.6511 9.4368 9.1972 14.4527 13.5622 10.2887 12.9358 9.87496 10.1577 8.45642 8.14531 8.03165 7.97394 6.8858
threshold=1.1345433010864268 1.1477910945109506 -1.0678972795276525 -1.1527947659603146 -0.75076563320806311 1.1535886228013603 -1.1360620265064869 -0.51874396462054484 0.72404820783723423 0.22278155281377932 -0.51123860566487178 1.141114850911203 -0.32256412293268349 1.1545103180646079 0.109041994130561 0.91812451578038334 -0.67024263781275406 -0.68340597690419924 0.55489826956083477 -0.99105891281216374 0.39539276149029773 1.1164664855562625 0.89917666428255194 0.18723538346881261 0.70014014191839524 1.1028930396073366 -0.27994351684683116 0.64265578321763561 -0.55244938040187441 -0.5343735743528305
decision_type=2 2 2 2 2 2 2 2 2 2 2 2 2 2 2 2 2 2 2 2 2 2 2 2 2 2 2 2 2 2
left_child=2 -2 -1 -4 7 6 -6 8 10 -9 -5 -11 -3 15 27 16 28 -17 20 -20 21 22 23 29 -25 -16 -26 -15 -8 -18
right_child=1 12 3 4 5 -7 13 9 -10 11 -12 -13 -14 14 25 17 18 -19 19 -21 -22 -23 -24 24 26 -27 -28 -29 -30 -31
leaf_value=0.011853744829102576 0.043870837710729034 0.017200799082300974 -0.035329916096791321 -0.015233333856758517 0.020029641525658459 0.027101576944821893 -0.013666766980068213 0.035457978167388035 -0.046595974460696438 -0.020684586612779998 0.038441653505264392 0.019616750599840818 -0.028418472431473635 0.0033914322869208627 0.045280133240584705 0.027844851218801273 -0.046120057425216979 -0.0085278411135103205 0.044199205706236817 -0.0089647680353049132 -0.05361669133673283 0.021529994409867886 -0.054105053215208823 0.019763682143671468 0.0023354444699398573 -0.00060772292598526849 -0.035584372485456144 -0.03792187190358056 -0.049842132846843051 -0.0080315182131149177
leaf_weight=121.51782565936446 30.255322460085154 16.096135459840298 16.733214884996414 29.278964966535568 29.183337029069662 20.318007299676538 26.397725313901901 52.145072758197784 18.81447995454073 32.854967433959246 24.098909169435501 26.074813522398472 16.371571067720652 30.913598291575909 19.175370678305626 27.128602080047131 26.200776856392622 52.04074252396822 17.887767873704433 44.801119454205036 21.132967542856932 21.097999524325132 19.213288705796003 36.265718374401331 32.875668115913868 21.073908418416977 24.878494929522276 18.991586990654469 36.016985930502415 21.688523724675179
leaf_count=341 80 47 48 81 95 62 73 142 51 89 68 67 53 91 49 78 90 163 53 159 61 63 75 103 104 58 88 59 119 53
internal_value=-6.85915e-11 0.0181582 -0.00131093 -0.00345168 -0.00272151 -0.00598005 -0.00725557 0.00700931 -0.00548941 0.0151328 0.00899972 -0.00285235 -0.00580234 -0.00885521 0.00266322 -0.0114027 -0.0150999 0.00393583 -0.0105386 0.00620514 -0.0157003 -0.011303 -0.0156022 -0.0103893 -0.000975987 0.021254 -0.0139991 -0.0123305 -0.0345421 -0.0288702
internal_weight=931.523 62.723 868.8 747.283 730.549 547.282 526.964 183.267 72.1924 111.075 53.3779 58.9298 32.4677 497.781 90.1545 407.626 328.457 79.1693 266.042 62.6889 203.353 182.22 161.122 141.909 94.0199 40.2493 57.7542 49.9052 62.4147 47.8893
internal_count=2763 180 2583 2242 2194 1696 1634 498 200 298 149 156 100 1539 257 1282 1041 241 849 212 637 576 513 438 295 107 192 150 192 143
is_linear=0
shrinkage=0.05


Tree=9
num_leaves=31
num_cat=0
split_feature=3 1 12 10 1 0 3 6 4 12 3 5 5 5 5 3 6 1 5 5 7 0 0 6 12 1 10 10 10 0
split_gain=8.13573 7.20185 6.97185 6.94268 7.73618 9.40499 10.3251 10.1362 13.2054 10.0966 10.1269 10.2801 11.7477 9.73991 9.04524 8.81511 7.37957 7.25692 6.61076 16.7276 6.60471 6.0056 9.98241 12.5576 7.39962 7.74575 4.57845 7.72811 6.27612 8.80569
threshold=1.1242746024140942 -0.0073458467072022512 -0.78124537401735816 1.0925038978960424 0.1268000250334905 -0.81523115356793963 1.0000000180025095e-35 0.63002051663901215 -0.29399462066598253 -0.47946348573150832 0.27379270571428077 0.91781204057983645 0.14446251131835594 -0.53353751130130822 0.26169814024016175 -1.0866832123536192 1.0920046424278904 0.99740430827576232 -1.1510603055537076 -1.1294160707218335 0.57731896912042602 1.0725799075869422 0.6649393718067238 0.66139295426579792 1.1456245287275162 -0.18699078214090009 -1.1047268149899834 -0.99456624515271874 -0.70262488517839305 -0.26327575657291996
decision_type=2 2 2 2 2 2 2 2 2 2 2 2 2 2 2 2 2 2 2 2 2 2 2 2 2 2 2 2 2 2
left_child=1 18 -2 4 -3 20 7 8 14 -8 -11 12 13 -12 -7 -10 -9 -5 -1 -20 -6 22 24 -24 25 26 -21 -28 -29 -30
right_child=2 3 -4 17 5 6 9 16 15 10 11 -13 -14 -15 -16 -17 -18 -19 19 21 -22 -23 23 -25 -26 -27 27 28 29 -31
leaf_value=-0.02121268912350982 -0.04493631557654313 -0.031841722514875395 -0.0058577990826762247 0.035486482546847345 0.031452818232400169 0.036122084270688262 -0.045189251519718435 0.039125828007212426 -0.051731999300963963 -0.042607129359778097 -0.025348630255606314 0.020058976784644588 -0.039671931782499781 0.022775044426659747 -0.0090534395172110135 -0.0094525886653284864 -0.0003311412652656704 -0.0071528619403245994 0.050649813929042276 -0.020221714495932092 -0.0073886259069646382 0.026838637428970087 -0.046307393914949362 0.012042623002398847 0.037336131648810389 0.029288747173365361 0.032290188753564632 -0.018435943497236509 -0.0025349287571658219 0.02017501384495083
leaf_weight=21.807201817631721 17.590670011937618 26.357213072478771 32.500619128346443 21.979948148131371 29.549555845558643 22.531820438802242 25.26715274527669 26.108339723199606 17.712644930928946 20.413766294717789 18.528857003897429 30.876945022493601 28.03619191609323 24.30764876306057 21.801644327118993 40.55799936875701 21.698943335562944 18.275521278381348 20.874626915901899 22.251541972160339 17.383087635040283 28.482470288872719 21.577695809304714 16.101134650409222 17.602631278336048 27.619705274701118 21.270098812878132 35.894704379141331 143.15316362306476 60.819414388388395
leaf_count=71 61 89 101 62 98 68 95 77 60 70 53 101 91 71 77 126 59 63 59 57 43 84 74 49 60 83 68 111 413 169
internal_value=9.67265e-11 0.00115551 -0.0195811 -0.00359369 -0.00573291 -0.00373695 -0.00701508 0.00220165 -0.00665833 -0.0164182 -0.0104674 -0.00401931 -0.0145094 0.00195923 0.0139063 -0.0223043 0.021217 0.0161287 0.0056217 0.00702959 0.0170666 0.00472305 0.00300336 -0.0213729 0.00579837 0.00401338 0.00154998 0.00340515 0.000843786 0.0042366
internal_weight=898.933 848.842 50.0913 411.387 371.132 344.775 297.842 150.411 102.604 147.431 122.163 101.75 70.8727 42.8365 44.3335 58.2706 47.8073 40.2555 437.454 415.647 46.9326 394.773 366.29 37.6788 328.611 311.009 283.389 261.137 239.867 203.973
internal_count=2763 2601 162 1303 1178 1089 948 467 331 481 386 316 215 124 145 186 136 125 1298 1227 141 1168 1084 123 961 901 818 761 693 582
is_linear=0
shrinkage=0.05


Tree=10
num_leaves=31
num_cat=0
split_feature=5 12 10 8 8 5 5 7 4 10 12 12 9 12 7 2 0 4 4 7 5 7 5 10 8 8 5 10 4 7
split_gain=9.26059 5.57506 14.9685 12.7205 6.86687 6.44374 9.47157 9.67275 5.52058 5.32666 6.21684 6.85453 6.54283 7.87644 6.01257 9.16876 11.0035 9.13518 7.18408 6.18056 7.74623 10.113 6.96145 6.24281 9.4871 12.4991 10.3617 9.59807 9.38696 8.99792
threshold=1.1546869731942517 -0.96907857133129727 -0.41254583926370475 -1.0728091613791204 -0.70932628061298664 -1.061026232839174 0.57158779081249023 -0.54673550154816286 0.84495172059961277 1.0459109218495404 -0.12655482344669092 0.072355357767833403 -0.54150883608983202 -0.55799952293916333 -0.57195277017927759 -0.20935327401948142 0.45726905776795979 -1.0284264641461258 0.55415417012995272 -0.28264165925364731 -0.90989806930643125 0.5427465157310255 -0.63582584535692188 0.54901985491265293 0.31782002469813436 -0.051536970361002833 1.0000000180025095e-35 -0.88801426525308702 -0.30931784507329502 0.56467559002416712
decision_type=2 2 2 2 2 2 2 2 2 2 2 2 2 2 2 2 2 2 2 2 2 2 2 2 2 2 2 2 2 2
left_child=1 2 -1 -4 5 -3 7 -7 -9 14 12 -12 13 -11 15 18 17 -17 -6 22 21 -21 -16 24 25 26 -22 29 -25 -26
right_child=-2 4 3 -5 9 6 -8 8 -10 10 11 -13 -14 -15 19 16 -18 -19 -20 20 23 -23 -24 28 27 -27 -28 -29 -30 -31
leaf_value=-0.042397688122567882 -0.03725688307407525 0.034953028525810975 0.026039883803225441 -0.024725252536800465 0.0032263547793551887 -0.033235948600238749 0.022790227963759534 0.021682118639973103 -0.016108772452159074 0.016028621069053155 0.026974695359335044 -0.015251990075496852 -0.046826045068873702 -0.029365223329895558 0.0088780223350309884 -0.023324374011838657 0.050465990721310083 0.015678686596279339 -0.036300335786413354 0.011547259673424938 0.038822515862498914 -0.03852331648246364 -0.031606601178061369 -0.036973992046257606 -0.046663720735403869 0.059459663792547163 -0.006348323802803613 0.0093462443429325592 0.0062068599786032994 -0.00025553981562687615
leaf_weight=26.668333351612091 16.363988526165485 25.095243148505688 28.364707816392183 21.842514932155609 38.715917069464922 21.510952945798635 52.110314989462495 26.725460469722748 15.137534674257038 16.530265301465988 17.955362040549517 20.678375892341137 17.721339508891106 22.649443328380585 15.576886393129824 17.615950621664524 19.459699954837561 101.5912252292037 16.350309457629919 16.393621750175953 20.324945718050003 26.203862011432648 33.357314484193921 21.46833585947752 17.904319725930691 17.269281376153231 33.821622930467129 86.006522230803967 30.419115290045738 25.068627074360847
leaf_count=97 66 77 93 72 132 69 167 87 50 49 51 64 55 72 49 54 60 321 57 52 53 77 105 80 56 48 120 270 96 64
internal_value=-6.35993e-11 0.000716807 -0.0121251 0.00395465 0.00199285 0.0119892 0.00699911 -0.00598542 0.00801704 -0.0002269 -0.0111061 0.00437323 -0.0216159 -0.0102132 0.00170658 0.0087511 0.0156057 0.00991497 -0.00850994 -0.00226288 0.000468018 -0.0192537 -0.0187194 0.00379799 0.00780023 0.0224205 0.0106074 -0.00029501 -0.0116591 -0.0195911
internal_weight=866.901 850.537 76.8756 50.2072 773.662 140.58 115.484 63.3739 41.863 633.082 95.5348 38.6337 56.901 39.1797 537.548 193.733 138.667 119.207 55.0662 343.814 294.88 42.5975 48.9342 252.283 200.395 71.4159 54.1466 128.979 51.8875 42.9729
internal_count=2763 2697 262 165 2435 450 373 206 137 1985 291 115 176 121 1694 624 435 375 189 1070 916 129 154 787 611 221 173 390 176 120
is_linear=0
shrinkage=0.05


Tree=11
num_leaves=31
num_cat=0
split_feature=5 11 2 2 11 6 6 8 4 6 3 3 10 4 8 6 5 5 6 1 5 1 8 5 2 5 5 11 1 11
split_gain=7.04651 5.52672 12.0498 11.5659 6.66763 5.31553 7.89159 7.9025 3.99828 3.99491 6.75562 15.9219 8.97647 8.04884 4.38951 16.4964 5.13079 10.0457 7.91163 12.5956 5.20565 20.5405 9.27571 8.26653 7.32433 10.2406 9.95433 4.63154 5.81334 6.95219
threshold=1.1546869731942517 -0.92551291927535173 0.95491128362344357 0.74257316925472894 -0.87372771233257807 -0.52942214357038342 1.0663398463588771 -0.16917964731465149 -0.69502975263546818 -1.0096823485071238 -0.41235921503610296 0.26136661691739377 -0.78750208832611446 0.41673323584093064 1.1299717789105854 -0.41550018757215351 -0.93837562112847983 -0.77629794452312273 0.93916620556657981 -0.33300703235430912 -0.23804392824126017 0.31402517439468253 0.2017077164253013 0.47918623499686835 -0.020561107122603787 0.0083720085663823527 0.034965661008779396 -0.63090453007783431 -1.0375739078721771 0.38242974293950632
decision_type=2 2 2 2 2 2 2 2 2 2 2 2 2 2 2 2 2 2 2 2 2 2 2 2 2 2 2 2 2 2
left_child=1 2 3 5 -3 -1 7 -7 -4 10 12 -12 -6 -13 16 -16 18 -18 19 -11 21 22 -19 24 26 -26 -22 -25 -29 -30
right_child=-2 4 8 -5 9 6 -8 -9 -10 14 11 13 -14 -15 15 -17 17 20 -20 -21 23 -23 -24 27 25 -27 -28 28 29 -31
leaf_value=0.016736871579303401 -0.033353048138388734 0.03479362804691051 -0.011809207330935536 -0.050463854379559241 0.055061321883118824 -0.052282575866694603 0.011257169126438496 -0.004537318434639369 0.012955081079548181 0.041098781704517869 -0.032135217704214909 0.035317924749088458 0.0041146749219142728 -0.0061370870414900469 0.017917306332098305 -0.040484441338022446 -0.029831005879188872 0.0090243267916421104 -0.01227119798294412 -0.0095177732005042696 -0.054684741448042896 0.046162154824292832 -0.03339539882305078 0.02967008233303808 0.032857920439543296 -0.019866973656252965 -0.0092406235506534342 0.027969854209621538 -0.017068083249240907 0.0051675363498181921
leaf_weight=15.013097774237393 15.544443171471356 15.816481605172156 22.212709739804268 23.164727002382278 16.854137361049652 19.051972594112158 16.655737560242414 15.89856370538473 61.221514504402876 35.696127593517303 23.103065174072981 28.549625143408775 17.753160417079926 19.850023791193962 22.041938811540604 26.78453241661191 27.429795525968075 38.81440731883049 21.30183358117938 18.744736347347498 19.691096164286137 29.51328332722187 19.292347840964794 15.970438316464422 15.832102954387663 22.016346883028746 31.05463882535696 18.868524149060249 49.497040359303355 121.30362791009247
leaf_count=49 66 55 67 77 51 75 48 49 211 106 74 95 63 51 67 85 88 115 65 67 74 98 60 46 56 66 105 58 167 409
internal_value=1.15238e-11 0.000625399 -0.00731805 -0.0200307 0.00272359 -0.00944852 -0.0170663 -0.0305639 0.00636208 0.00193099 0.0107919 0.00201489 0.0289263 0.0183161 0.000169771 -0.0141199 0.00160828 -0.000603989 0.0135625 0.0236708 0.00149548 0.0121935 -0.00505968 -0.00169029 -0.0144587 0.00218798 -0.0268745 0.00381062 0.00163322 -0.00127622
internal_weight=844.542 828.998 173.218 89.7841 655.779 66.6194 51.6063 34.9505 83.4342 639.963 106.11 71.5027 34.6073 48.3996 533.853 48.8265 485.026 409.284 75.7427 54.4409 381.854 87.62 58.1068 294.234 88.5942 37.8484 50.7457 205.64 189.669 170.801
internal_count=2763 2697 576 298 2121 221 172 124 278 2066 334 220 114 146 1732 152 1580 1342 238 173 1254 273 175 981 301 122 179 680 634 576
is_linear=0
shrinkage=0.05


Tree=12
num_leaves=31
num_cat=0
split_feature=3 12 12 12 0 4 0 6 8 4 0 4 5 5 8 12 12 5 10 6 12 8 4 4 5 9 4 10 10 8
split_gain=4.91807 5.3735 9.58223 6.50788 4.42763 6.50519 4.82361 4.35018 11.1286 10.8499 11.9015 10.0592 11.0226 8.54139 9.3391 8.10971 6.14315 5.50467 10.433 5.21025 7.12548 19.6681 6.5142 9.44062 5.77832 4.8938 4.76883 4.75035 4.25119 6.38902
threshold=1.1443235498778914 -1.1192288499555754 -1.0271407333671818 -1.0729233057620766 1.1345433010864268 0.27091802922085878 1.1005994643755428 -0.63355843873728901 1.1516961396830521 -1.0597760312743707 0.049723743279541224 -0.44013022782239369 0.22573522215503392 -0.60405709447620826 0.88450121908906365 0.96979309039251105 -0.81878445357206664 -0.93837562112847983 1.1066245915442205 1.0551503651898628 1.0879616631156954 0.76733795476714184 0.59519220788336236 0.34043426543348498 0.20993102038289724 -0.5725891379575776 0.98335150073306488 0.86032295190626851 0.93310739168019252 -0.35781240669199493
decision_type=2 2 2 2 2 2 2 2 2 2 2 2 2 2 2 2 2 2 2 2 2 2 2 2 2 2 2 2 2 2
left_child=1 -1 3 -3 6 -6 7 8 11 10 -9 12 13 25 -15 16 -13 27 19 20 21 22 23 28 -21 -4 -24 -11 29 -19
right_child=-2 2 4 -5 5 -7 -8 9 -10 17 -12 15 -14 14 -16 -17 -18 18 -20 24 -22 -23 26 -25 -26 -27 -28 -29 -30 -31
leaf_value=0.02771305365680396 -0.021037720940534636 -0.0045261818544514712 0.029183794008963579 -0.049749048132791927 -0.0018838725221227192 0.035474286636275908 -0.021901411442633564 -0.048156221568975151 0.048404009109407981 0.0041830685041889144 0.00092075774406973586 -0.026334937622928274 -0.015450756595566845 0.067343563269269976 0.016577705099636707 -0.030132661580885657 0.0078800527967715223 0.0052556428795978534 -0.030586316773007601 -0.0071554615777483579 -0.021268937877597361 0.037377123459898569 -0.035545337664139302 0.035835314156113754 0.02907505751764615 -0.0065550616741168926 -0.0069537227893421054 0.031485400000214624 0.020126806913321565 -0.022471191620255675
leaf_weight=18.009966369718313 26.867977939546108 16.168196238577369 16.47012397646904 15.661575406789778 24.143034510314465 22.524219676852226 23.762369006872177 25.016075231134892 14.938365846872328 46.264152763411403 24.404851138591766 16.311906145885587 22.340007249265909 18.175809558480978 18.062331408262253 27.496092539280653 67.020196512341499 42.326094102114439 28.736308969557285 17.161005534231663 40.018779054284096 32.715420097112656 23.696210823953152 17.652110207825899 30.679016206413507 22.892410933971405 37.925121054053307 24.299915879964828 15.552785489708183 40.807869058102369
leaf_count=52 102 59 58 61 83 68 92 79 50 160 88 58 83 53 61 100 222 142 103 55 136 89 93 61 90 76 130 75 54 130
internal_value=-3.97941e-11 0.000714381 8.5525e-05 -0.0267777 0.00123883 0.0161473 0.000237375 0.00102143 0.00671405 -0.00182589 -0.0239212 0.00373094 0.0154061 0.0245243 0.0420401 -0.0065866 0.00118261 0.000918892 -0.00181211 0.000957632 -0.0019279 0.00174602 -0.00480425 0.00215789 0.0160786 0.00839884 -0.0179485 0.0135851 -0.003866 -0.0083546
internal_weight=818.1 791.232 773.222 31.8298 741.393 46.6673 694.725 670.963 223.707 447.256 49.4209 208.769 97.9407 75.6007 36.2381 110.828 83.3321 397.835 327.271 298.534 250.694 210.676 177.96 116.339 47.84 39.3625 61.6213 70.5641 98.6867 83.134
internal_count=2763 2661 2609 120 2489 151 2338 2246 761 1485 167 711 331 248 114 380 280 1318 1083 980 835 699 610 387 145 134 223 235 326 272
is_linear=0
shrinkage=0.05


end of trees

feature_importances:
dollar_vol_zscore=53
close_position_xs=51
momentum_4h=38
btc_beta_resid_hourly=36
vol_ratio_short_long=34
data_quality=31
cumulative_delta_xs=30
momentum_1h=24
spread_proxy_intraday=23
realized_vol_24bar=23
momentum_acceleration=19
reversal_30m=18
rvol_xs=10

parameters:
[boosting: gbdt]
[objective: lambdarank]
[metric: ndcg]
[tree_learner: serial]
[device_type: cpu]
[data_sample_strategy: bagging]
[data: ]
[valid: ]
[num_iterations: 300]
[learning_rate: 0.05]
[num_leaves: 31]
[num_threads: 0]
[seed: 42]
[deterministic: 0]
[force_col_wise: 0]
[force_row_wise: 0]
[histogram_pool_size: -1]
[max_depth: -1]
[min_data_in_leaf: 50]
[min_sum_hessian_in_leaf: 0.001]
[bagging_fraction: 1]
[pos_bagging_fraction: 1]
[neg_bagging_fraction: 1]
[bagging_freq: 0]
[bagging_seed: 400]
[bagging_by_query: 0]
[feature_fraction: 0.7]
[feature_fraction_bynode: 1]
[feature_fraction_seed: 30056]
[extra_trees: 0]
[extra_seed: 12879]
[early_stopping_round: 0]
[early_stopping_min_delta: 0]
[first_metric_only: 0]
[max_delta_step: 0]
[lambda_l1: 0]
[lambda_l2: 0]
[linear_lambda: 0]
[min_gain_to_split: 0]
[drop_rate: 0.1]
[max_drop: 50]
[skip_drop: 0.5]
[xgboost_dart_mode: 0]
[uniform_drop: 0]
[drop_seed: 17869]
[top_rate: 0.2]
[other_rate: 0.1]
[min_data_per_group: 100]
[max_cat_threshold: 32]
[cat_l2: 10]
[cat_smooth: 10]
[max_cat_to_onehot: 4]
[top_k: 20]
[monotone_constraints: ]
[monotone_constraints_method: basic]
[monotone_penalty: 0]
[feature_contri: ]
[forcedsplits_filename: ]
[refit_decay_rate: 0.9]
[cegb_tradeoff: 1]
[cegb_penalty_split: 0]
[cegb_penalty_feature_lazy: ]
[cegb_penalty_feature_coupled: ]
[path_smooth: 0]
[interaction_constraints: ]
[verbosity: -1]
[saved_feature_importance_type: 0]
[use_quantized_grad: 0]
[num_grad_quant_bins: 4]
[quant_train_renew_leaf: 0]
[stochastic_rounding: 1]
[linear_tree: 0]
[max_bin: 255]
[max_bin_by_feature: ]
[min_data_in_bin: 3]
[bin_construct_sample_cnt: 200000]
[data_random_seed: 175]
[is_enable_sparse: 1]
[enable_bundle: 1]
[use_missing: 1]
[zero_as_missing: 0]
[feature_pre_filter: 1]
[pre_partition: 0]
[two_round: 0]
[header: 0]
[label_column: ]
[weight_column: ]
[group_column: ]
[ignore_column: ]
[categorical_feature: ]
[forcedbins_filename: ]
[precise_float_parser: 0]
[parser_config_file: ]
[objective_seed: 16083]
[num_class: 1]
[is_unbalance: 0]
[scale_pos_weight: 1]
[sigmoid: 1]
[boost_from_average: 1]
[reg_sqrt: 0]
[alpha: 0.9]
[fair_c: 1]
[poisson_max_delta_step: 0.7]
[tweedie_variance_power: 1.5]
[lambdarank_truncation_level: 30]
[lambdarank_norm: 1]
[label_gain: 0,1,3,7,15]
[lambdarank_position_bias_regularization: 0]
[eval_at: 3,6]
[multi_error_top_k: 1]
[auc_mu_weights: ]
[num_machines: 1]
[local_listen_port: 12400]
[time_out: 120]
[machine_list_filename: ]
[machines: ]
[gpu_platform_id: -1]
[gpu_device_id: -1]
[gpu_use_dp: 0]
[num_gpu: 1]

end of parameters

pandas_categorical:null
